a <-c( 2 , 4, 6, 7,8)
b <- c( 3, 4,6 ,7,7)
c <- a + b
c 
